3859217406
4937658210
2160879453
4516237908
9701862435
9201736548
8179456032
5729603184
5620349178
6905312748
9451380672
9456810273
7362451089
8673541092
3590784261
7140985362
5314687029
1526037498
9536408172
6423170589
4015892736
9607452183
7564928013
8349165702
3518472609
0659237481
9208467153
9613405827
3890721654
9246530187
5398267410
8946312507
2561043798
0653198427
9741036528
2536179480
5072831964
6287041539
7963501428
4786239015
8793145602
1540689237
9814726053
0394816752
1806952734
1690273845
9583041726
4560927381
3620891457
5160278349
5714029683
3480216597
3201465897
5421938670
2780314965
5136489702
1589273064
1364980572
9371258046
6372401895
6491572830
6329850471
2610853479
3159027684
3290581674
3498071526
4903158267
3980274516
7901643852
9154760823
7026438951
0417685932
8576219034
4985317062
6348702195
8912043765
7341620598
2169750843
7152403896
8790615432
3065294817
3689271504
1927564803
5102769348
4972531608
9654873021
3012897645
1736052498
8103265497
8514962307
8513490267
2938574160
8625340179
9734528106
4893205671
4671385092
6219870543
6054912837
4312578609
2359147608
