4965217308
7901246583
0358417962
1659043872
2691407853
5367849210
3214659078
1598427306
4157803296
2945167083
2896035741
8125673049
5736129480
1957260348
7324591608
2605741938
9318560742
9157384062
7052361984
6905284173
5182364709
2075389416
2976083154
0831274956
5382094167
5124389706
3408291675
8236571904
1950842763
9360815724
6319058742
1604235987
5842601973
6397140258
4098327561
0593482167
3640529781
8615734920
0754381296
7938405612
3620597814
9835420761
3026158749
3180479265
2904361578
4763521089
5068749123
3970842651
9516078342
7138042659
0819537246
4852736109
0153897246
7840629513
4916530872
1923487056
9268014537
2154630798
7091452638
6170395824
5416908372
7941032856
0953614278
8793624150
3542091687
0598672341
7018263549
4718506392
9435672018
4276983051
2530617948
1543708296
0672984153
3917064285
3079412856
3245071986
6571298304
1643958207
4027518396
9680274531
2814095763
4589763012
5073986241
6957412380
9410826537
1465928037
7412503896
3709146825
7453189062
0354217689
9607453218
2659870134
6928457103
5971326840
0638792451
9652037841
2378409165
5491670283
3792105846
3745218906
