3642917058
9643210785
8210475369
1635420798
0153829476
2983715406
6938041257
7264381590
4318605792
5640218937
7183295640
3406958712
7108356924
1063295847
3164258079
7659084231
7084351629
7521034986
0598162437
4297805136
2159763804
0295681734
8315620749
2086143597
6528973041
1305687492
3712548906
0492157863
5063271498
3065428791
2573890146
1694325087
3405781296
4279653081
1792048635
8356297014
0258934617
1897654203
5491083762
5978034162
4917836205
9273860154
6309125847
4672801539
5147890263
3908425761
5286479310
3572401689
2396108457
5289630147
2960481753
9237806541
1623049578
5879320641
1907562348
0273641589
0756849123
8409523167
0784691352
8730429561
8015637492
3506928471
0186327594
4658709321
4083129675
6498370125
6318542907
4726530891
8256094317
9825064317
0976513824
3608751924
3726501489
8745962310
6852401973
7450691832
0197645823
8357062149
2576049138
4728693501
0312974865
3079452681
1607549238
1079645238
7539682401
9523780416
5087196243
8657290413
4735610892
7934682510
4613872590
9120854376
4056137298
2185307496
9827305461
5814603927
4632590718
1852063479
2347058169
1603529847
