7356821904
5849627301
9216705834
0972564813
9720684135
7962381504
2368497150
3257146809
7016295843
8231697450
5642309718
6452971803
7193450268
5926813407
7052819463
6127890354
0341597286
4879012635
6194583270
9483217056
6815490327
6370128549
4327096158
6921340758
1694705823
3024869157
6587012493
4172053968
2301498675
3954876102
1203798645
6504391728
9651427038
1234968750
3659842107
9628541073
3927501648
0941257836
2870145639
6289514370
9580623174
5076942183
8650437291
5763820194
4021376598
7312085469
1684539702
0349671852
5431260789
5370948126
1764352908
8540716923
4798605231
5278093461
9163584027
3986057241
6804123597
1693408752
7653194802
5321689470
0761983524
7629340815
8754192306
6197845023
3814506972
0746328591
2079168354
0956871342
5420761893
6130459872
6794102835
8421573609
9231845067
0456271983
1625379408
4195036287
0312967458
6421073958
8015642937
8641307925
8127546903
6291837405
1946572803
7629830415
4706512893
3421568709
0153762984
8953740126
3295418076
6953827410
9651487032
5294370168
6105972834
5481620397
3790861245
1056824379
9532486017
9703461285
0487265931
6524703189
