5192783064
1092485376
4658912037
5310987264
6435072189
0154893726
0356142978
2059634187
5413970628
0317486529
4807532169
4592837610
2419785360
9720546813
6581970342
4607129853
8657493012
1983547206
5461093827
0219735846
8976501324
3489157620
2506813947
5892430617
7251368940
2087614539
8935716240
7814956230
3697815402
5236918047
8936024175
2398164750
5906372481
8419250637
0981257463
0621984375
2970851643
4862139057
5049781632
2690837451
8935261407
1354672098
9627514830
0784296153
7265893140
6175982430
2058739461
2195478603
7520816394
5643928071
6785210394
5031968742
0956243178
8107643952
9710326845
3076459281
7051862394
1507469283
3289467150
7526934810
9024138576
0125396478
3064758129
4391056287
9718425306
1248563709
3126845790
4287063915
9720834156
2906731854
1573490826
2743051896
1907863425
7980154326
1963082745
7204863195
9682701345
9325076841
9460372158
7920148365
4810627593
6053129784
1083746925
1275904638
0368954721
7612905348
2857639401
4967320185
1594270638
5973480126
3189072465
1098452367
4728691350
4275631908
7645921803
3502981647
2784031596
3750412689
8197402653
6147930258
