9687140253
7543062819
6832479015
8751046293
9052641387
6291504378
6384205917
8401295673
4695831207
6823950471
4538690217
2164830795
7529861043
3764120598
4169802573
0657841239
3759804126
9617243085
7596238041
1862345970
8315460279
6270153894
2486709513
4875209316
7914803625
4582167390
8965310274
7281396504
5187462093
3905871246
8570614239
9072385416
2640315798
0327158694
6390185472
9831702564
0257631948
8916245037
9304576812
0657829134
9874152063
7061925834
0719568432
2751308946
2159740638
7620485931
5628937014
9384105672
1798532046
7549368012
7634985120
7081654392
4367150982
9038476521
6098254173
6934815207
9524108763
3950128476
4139586720
5618930742
3947261085
0273459168
3954628701
5938416270
0975436218
2061978345
9301825764
7926103584
7918435206
7146592038
3740269185
5078369241
1235609847
4867251093
7215469830
2096853174
4368910725
8417092365
2018394567
8403562971
2547931860
6175903842
1240897536
4639857120
6487951203
4758631920
5037918642
7431692805
7894152360
1832749506
9618024537
1823649507
9543082671
1048235769
5861304297
7264913508
7289154063
0285649317
5431920768
5708624913
