4186970235
5430987162
3527986401
7896204351
8907465312
2390574618
3125940786
5978426310
5329160874
0159634827
5934128670
8013674259
5029481376
7340568192
1286307954
1270839564
8691370245
6839057214
3950817462
4893201567
9657031824
4291680537
9306457128
9521608437
4630589127
9706814325
2495863017
2074365981
4603789512
8643729051
8541692370
2519604738
2615903784
5271084396
4392657801
2951670843
6452903187
6405931287
4028175693
5170296348
4615279038
4623109857
6142358790
1659204378
4068935217
6034958271
4065291783
2480375691
4623785109
8247695103
6285071394
9460385712
1680243795
1786492053
6190573824
6720534198
2396071584
9031742865
0825391746
2563941087
3128596740
0216759438
3241865970
9584126037
6942830571
2438697510
5867134092
3054816972
8619375042
7319856042
4765809231
4095718263
9071826354
7058126493
0578236419
6430528971
5269318047
9512487306
1567423890
4391650827
8794106325
5803629714
9018762534
7192584603
5712046983
4537069812
2706913458
4621708953
3289640715
5032178946
9720356184
1239754680
1634759082
3804915627
7831049256
9651347028
2167359048
2680751493
8652104379
3172096854
