6359804721
2386914750
3159204768
5096418327
3659107284
4589602731
1637025849
0453127968
7940135628
4723960815
3085172694
6958024317
5739482610
5810243697
6057128349
2396718054
5947836012
3469587012
6145098372
5871369240
3082175964
1972503684
7129083546
9567348201
5217648930
6079345218
7851934620
6274130859
2619480753
1604789523
6082945713
6754812039
2369758041
1295046783
2708653491
4213897560
5497280316
1724308659
7209365418
4813570962
1743908526
7180529436
2387014596
3084759126
0814295637
5492180736
8460523971
2870456139
7234619508
6452013897
7825690134
2305189764
3210854679
4720613895
0495316728
9472805163
3716840592
1036927584
3056247981
4613098275
3215980674
1035764829
3465018792
5824790316
1387094562
4592703861
6715034892
8714253069
2361048975
4821765093
0514632798
1526480793
0768942351
8369701425
4036198527
0761582493
4935871206
0847156239
3582796041
7503486912
3814905672
1503786942
3648951720
2197340685
6304275189
3671508294
3928651470
2347601859
9628014573
9347581602
1268935407
2689435710
2657149803
2875649013
1587946032
8190762543
9026153784
8760495312
9837152406
5130496287
