6058931247
4520871693
8614532097
1367509824
8621957304
9517284360
8205649137
3617598204
6234950871
4078196532
4620975138
3206974815
8374021569
3981742506
3527189460
8057941623
4572896103
5890437216
2394671508
7653014298
2914837605
6241597038
8609274351
0725849163
0716438925
7460528931
3561974028
2096175834
2970631485
5132784690
3256748109
6193482507
3594280167
4752803196
6147902853
2864975013
4072615983
0125436879
1063958742
5074621983
8205397416
2056473981
3468927150
2150639847
2041796835
5918620347
3728509146
8031762549
4032168795
4579182306
6380952417
3981527460
2064857319
0732964851
1690247538
5843629071
0695278341
4509736281
6318495702
5068471329
8647205319
1043798265
9601785324
2185097364
1239846075
0376524819
8549210376
7531289406
3195680472
5072613984
8462137509
3670481925
6107438592
7130259468
8705164239
0398627541
4278960315
2465370819
6374521890
5170394286
7482395016
5783261904
0952648713
0837124596
8093752164
5913680427
8249715036
3108926547
9652803174
0659184327
7209138465
4183279560
7295136408
3562014897
7918435026
6452189037
3851074629
1578690243
3045186972
0518496732
