1520376498
3594817026
5617340928
6504238917
9137064852
4573908621
2390614578
6958372104
9657308412
8596240371
3028697514
6258940731
8316527049
4051379286
8741209536
6291530487
8370569412
1627859304
2879061345
0827359461
0139678425
8921567034
0194753862
2581046973
4507968231
5209483617
4812956703
1234560879
5178942306
4928751603
5471982630
9420568371
7541306298
8065394712
7845963021
1387429605
7324165098
8213497605
2805376941
6851079243
5820463791
1385670294
6830294571
6753910428
4760312598
1795460382
5928041367
9045128376
2153764908
5926107384
1783906245
4798106523
8172946350
6438512709
2861307549
8470512936
5634798102
5170824396
1750826493
7138649502
7986154203
8361509724
1093678524
0147625938
4179263058
0513692748
6407325189
7896425310
4697821350
4960387521
5410398762
5712096843
9163204857
6159840273
4176503289
0532968174
2079163548
0318462597
3954870261
3946758021
4152906738
2345781906
2634708591
4170328956
5039128647
7832950461
9052683471
6239750814
9854016237
2486750391
2396718504
9063127854
4603728915
8073529164
6034729185
4125603879
6981403725
8957164320
3572014986
2196587034
