9612340875
4301589627
6013984527
6149725038
3874056129
6087132945
5697803241
4063751829
3870146952
9630254178
3572086194
0463712895
3021975468
4306271598
1398052674
5207194386
9053724816
2918643705
4598761230
1074936825
5901467823
2038176459
4503781269
5024198763
0369271854
4169035287
9516340827
2107648395
9763102854
3596701824
6489570132
8501364297
0729415836
6418073259
5869012734
1748326905
9641725083
9372465801
1703862954
9816524730
7085462139
2643170895
4312987560
8546237190
3168459270
9043612578
4390185627
7208916534
8497352610
8657942031
9645120783
9361078254
2564913807
0526891734
2346059781
1096457238
8537096142
1429587603
5783062914
3512694087
2813076495
5740893216
1964782530
0152497638
2074953861
9721845603
7928460531
0493615782
2731640859
2498056173
9073658214
0596281734
2360597184
2460158937
5423761890
9135468207
6150498723
1038942567
7538420619
1740628935
0692381754
1079283456
7052638149
1754230968
8250937461
4207836591
4062318759
0219586347
6259147380
8437961052
8392706451
7806215934
6308574921
1824305769
2918074653
0572318964
8634091572
5831729406
9573468210
2594806317
