3207459816
6918025473
0582976134
0536729814
9246031587
9372651084
9150762834
2678430519
6240758319
6851379402
9571043628
9240137586
8235061749
5304671289
8791562304
5680341972
7925136804
3952817604
4597026138
8602135479
7154038269
3852601794
0938756412
6052938147
8963510247
8563719240
2968730514
0493617258
6930482715
8165739024
1849702653
2041653987
5398624107
6958740123
2943516780
2687143059
4072698135
7913285640
4176023589
7031652894
2079568341
3420798561
7624908153
3451960287
8205746139
3579064821
1358972460
5372406981
3456710829
5709682341
5186240397
2163507498
5967281430
2604857931
4162078359
3456972018
9145027386
3769851420
6731495028
8239156047
2438576190
6214759803
4827569013
8045619237
1067439285
1274856930
5942137806
2314987056
1758209364
9327564810
3401528967
7328054619
6479012835
7145239680
8264930751
1379024568
0192783654
0296534178
7593102648
7610825934
5219043678
8593401726
0362958174
8691503274
3876420159
0538179462
1357642098
0658137249
6290834517
8560274139
5408267931
1478365290
3594170862
6182907354
6290358174
6204975813
5042837916
3701284596
5291048637
1983270645
