4379586012
9346071582
8409562173
0823749516
9356102478
3850421679
3895621407
8613754092
9528704316
6352947018
4756120398
6298104735
7653894120
2190485673
2865091374
4857612309
6345190872
0935864271
1763052948
2654137098
6540971328
2185907463
0859316427
1802479356
5294736801
9157368240
1674539082
1380247569
3794256810
0813265497
8753624109
1056279834
3425986170
9285376401
9215763840
0871529436
2481675390
5014267839
8695132074
5804923761
8597462031
0574832691
9732685041
6849032175
6378521490
1465738920
0175428369
1249806537
5149038627
0657293841
6308217954
3192805746
5039174628
6085923741
8026519734
9235674108
7249603158
3678251409
5719086234
8265903741
9742385601
6273014598
1853604972
7065921843
7382164590
7892540631
3568720491
0631847529
3085716942
5702938641
2035796148
1437596820
5396172480
6938471052
3021678459
0893247561
8371640295
6203749158
0723156984
1978024563
6215794038
0543987612
6075932418
9738562104
9430562817
8904376152
6102395847
5486297103
1795246380
4061823759
2385749106
3985761042
7051286493
3207596418
9035476821
3546710829
7956820314
8670532194
1583697402
0296574138
