7152403896
6540278391
0736491852
5283709614
5823197406
0437681295
7439860125
9462710385
4531076289
2603594817
4160572893
8320967415
7129086534
9364051278
1359027486
9365208147
1307825946
8702641359
1507294638
9624081537
8176539042
3609512478
9817052463
7258046913
3587046921
7391208564
6253784190
2786490135
6930827451
9825043617
1376580294
0729456813
5973624108
9642087351
4790618532
7198402635
4760321958
2814759603
6580794321
3975804126
8019367254
5903186724
9263548107
8159026347
1532047968
3012589746
6208591374
9482076513
2405879631
6803974251
7614053982
4216039758
2495603187
0837291645
6431587902
8362047159
4591270638
4031765289
3097452861
3645210789
4128953067
4806239517
4907253681
6431257089
1073942685
2186730954
5480129376
1734896250
1534789620
9630157428
9861743502
4982701653
4529031786
1834097526
0317956428
4738569120
7402385619
1079684253
5087923146
8576924301
1893725604
9163428075
7148650329
7364128905
4251783096
4165032789
4851627039
8124793650
0348612957
0326478915
4357062918
0631985247
4923178605
2189367045
0271863459
5160347892
3540172698
8061952734
5493816720
9681042573
