3240198567
0984326517
5620914738
5416029738
7581690342
1209758634
3914027685
7190432658
2934750681
6981247305
9704132865
9038142765
5209367148
6921057348
8743501269
9736514082
2398540761
5623704198
1746082935
3679251480
3475298601
4607951238
2430978165
7910524836
1298503764
1472389065
3250198764
3286751940
8521397406
3187046259
8517463920
5124983067
9071862453
4193062587
7826093415
2619034785
7312508469
3748016925
5473189602
0851624397
9471235608
8506321497
6571823049
9043581762
4790865312
7632904815
6295138047
8259013467
8965241370
4268917305
2469830751
4692075138
1953460278
0861723459
8974061352
5392847160
8670425139
2159803746
6183470925
6721549380
9286013574
0386412795
3108952467
4680132957
9413682705
9806527413
7192546083
1427903658
1384760259
9037584216
0812397465
8731569420
5061834729
2359140768
4701938256
5301846729
3149725068
1408657923
9657318024
4956072138
6047932815
7045361928
6287439150
4156283097
6710428935
3940657812
0978526134
2150634789
6053128479
3972468510
1745208936
2176348590
2043816759
3614958207
4310289765
3904152678
0793846521
0278459316
0743821659
4629781305
