2038619754
1436798025
1526807943
2476358091
6174358029
8265934017
4159862370
5693071824
7095386214
8019642537
2469850713
5284701963
7320896145
6075283194
8759460213
1283407569
3720814965
2031698475
4685912307
9820571364
9018465237
8753201469
4361058297
1786932054
0142953687
4736128509
9730812564
2189645037
2571940368
4082637159
1304768529
4963015287
5063179824
7362504918
1536784902
3192680547
4872350619
9873612450
4671289035
6025713498
5297148603
1957438062
8216937405
5492806731
9630581742
2497165830
5472639180
0126973458
4026579381
4815637092
0481397562
5317026498
4190865327
0691528437
5689127403
9802534167
3912805746
0256714938
8475926103
7184530629
9185360472
8539016472
6570928413
2049165837
0819365247
3529461870
0729346851
7048523196
1843579206
9378254061
4602981753
6453792180
8016243579
8402635719
5701629834
8675409213
1420865793
5468317290
3281749065
5798046132
3768214905
9204316875
9402153768
7614892530
3072465918
5182746930
6234107598
1540728639
2581639740
7031954268
3127906548
1937425806
0498357216
4805917362
5624819073
4517230896
5208369147
9873410526
3489615720
9234168075
