6842531790
4025971368
5829073614
6952734180
0537162489
1845902637
7164930582
2859703416
1326847509
2406981375
8170643592
2517094836
4965230178
4912538076
2975438610
2591036487
6184092375
7859316240
2743960581
5406271398
8397620541
6397524108
4621807593
0514683927
0734195682
7523819406
0658412973
1208594763
8954702163
3172840965
4150798236
6257041983
1564028397
9812046375
1904628753
5408726913
4187369520
2378059164
7613240895
6581394027
8172605943
8273106594
4695028713
8476309512
2736081549
4957631028
4802319567
7498061523
8470592316
3597186420
6371429085
1752843069
4930657218
7169523480
0572186439
0987264351
7403689215
0246981735
5974081236
0342897651
6017985423
7691034258
7804293651
3489765120
2193765480
7041928365
0798563142
8704516392
1450379682
4035196287
7142968305
7835406921
9650431287
4682901735
8491372506
0427895316
4318967250
7104563289
7406538129
3269810547
7816043925
4538692107
5836971042
9364821705
9362104857
8046712395
2134706859
0574816932
1793284650
2985640317
7194520638
4826073159
0345628719
3907465218
4137295068
2341957860
1304672895
1789460523
9871635402
2471958306
