4213689507
3876459012
9517203648
2386195740
7152803649
4035168279
3826074159
2543986071
9058641372
8130792546
6593021748
9126457803
3402568791
7510963284
7569814302
9820615437
3685490172
9537842106
7541368290
5407263189
2504987613
6804317259
9012857643
3509246871
7065843291
3614857902
4653027891
6953081427
3528961047
8126709534
0856971243
5382964710
1824975306
6219805473
6098154732
4807132965
8013965427
2957106438
2360745918
5021948673
2167539048
2496507138
9861723504
4978260513
8593016427
0418273596
5712648390
4302619785
3052649871
9647382105
9562310874
7026815439
7359640821
1682475039
2641509837
0132549678
4568920137
4927863510
9806571342
1495783260
1235978046
6782450319
5469812073
5309841726
8059621473
0578392146
3841752690
9065472813
0962538471
2684931057
0798145326
8351640297
6107534982
4925783061
1690287534
6508197324
3459762810
1623794508
4716038259
7893156204
8036915274
1965074238
2081359467
8621379405
7830691524
0394182576
9876402315
8207139654
9072815634
2963140875
2986701435
0168547932
0138467925
6741925038
0213758694
3214689750
5741639280
4512039876
2145307689
3549061827
