6912537048
0498753261
3489152067
0476259381
4326150789
2169785403
5613748092
5726043918
1598673024
9072456138
7568049123
5430879126
7850621439
7854231609
8092341756
3825617904
3792685104
3065417298
8210463975
5946283071
5279408136
1284537960
8174329065
5239406178
8730149652
3257190846
4869035172
3098267415
1385470692
5031264897
0319275468
7419685320
2380915674
3125684097
0263819574
5971426830
8921546037
8603917245
9043271568
3624971085
3497162580
5301289674
3816749502
9542687310
6253104897
8429513670
2697308541
1586237940
5312690478
1976854302
6934178502
8594613270
9374806215
5691734820
9043827165
1780352964
5309861247
7619428305
4106295837
4670198523
7689015234
4317269058
3924160875
6390814257
1650792483
8614352097
2643109758
9156428073
2381670954
1469705238
4271805936
2859064731
0647923518
0564837912
9320157864
3590674218
0649715238
5982340761
8326041579
2378495610
7169052348
3045967821
0825761394
1758064329
4635917028
8913570264
3895761204
6710453289
1938704652
4017296538
3741590826
0267514893
7203485691
6932710584
1635897024
8715423690
1284950367
8147230695
4952618370
9371862045
