5120639847
3420695817
7056489231
4157069382
2014587639
7983650241
1920465378
2580319674
3812957046
5103942786
7938024516
6194230875
5608143792
3605287419
7046892513
2940568173
1795206438
3258769014
4962501837
1085734296
9826530174
1402983567
2068731594
9147085362
9612874305
2971506438
0417639582
9235714806
1987524360
3802976415
4132750986
7521489036
4257810693
8702614359
5693078412
3894072651
0763152849
8694327150
0365184279
1742830956
3860912457
2507896341
2915037864
6025794183
8216935407
4512396870
5273840691
0415396728
9158320674
9865431720
6824091753
7086345192
6394285701
0521684379
9854162703
0741526893
4329810576
8947563201
6480293175
6042791835
3746592180
8431607259
6198254703
1237645908
3427196580
2074981563
2639054187
6457301829
1546927380
5103782694
8539760124
5712490386
7419253086
4137259068
8734026951
7038261945
2486013759
9072341685
5643789210
5681237049
9241867053
8740931526
7069218543
8790624153
8512769430
3685217094
6594027318
1620385974
7901543286
9362547180
8012675934
0734152986
1065237948
4806295137
6534089217
9164037528
4381679520
7125403896
7420983165
0431958267
