3296018745
3102695874
7058392461
6423790581
8605139472
7319682450
3695417820
3215407869
4968351072
2690584317
3426850197
8612743950
0732156498
7409165823
1685970234
7580234961
3849657120
0273581496
4206815793
4821760539
1379405862
8405163972
6048351972
9745630182
3759260418
1584673092
0814362597
4951067832
9487106325
9873461250
0679458231
4350267891
0517469823
6720518349
2503968714
6837259401
2845360791
6784915302
3194267058
6597241038
3015942687
1579823460
7128564309
2673150948
0148529736
3256810947
3782460519
0426375981
4903157268
4210398765
1608395472
5931478206
4579316802
0346172589
4691235870
6074192853
8275691043
2468703519
3762145980
9265703148
9473865102
4218350796
0482357196
2487905361
3547218069
3517089642
0281946357
1672803549
3245789106
3068971254
7902851436
7612835094
3697241508
5148362790
3517642098
8120564379
0239568471
9241568370
6739204581
2413759680
9324807165
6314857092
5396721408
0795613842
2395461087
1265897034
2301975468
8495371026
0291378564
2495310687
6048572391
2349675108
2437681905
6043279158
3068741529
1246530978
4728391560
2184305769
8052743169
9826715430
