1837560492
1475069283
1850374962
5890126473
4279831056
9147832605
2093458716
6574819302
8150963274
1462759380
4839067125
1690327854
3798264051
4237168095
9213675048
2153087946
3286945107
1385069742
6728951304
0824179365
0253791846
5486307291
1307264589
6273158094
7140926583
5019243786
4758629310
3617924085
1459387206
2470153968
7018354296
2806534197
1385760249
1782653409
5943618072
8037264951
2983067541
4213597608
7569401283
5031827964
1082634759
8973061524
7846520391
5861923407
4082571693
0937256148
3950416782
7158240693
0987213564
4681230795
8597162034
5426319807
9148605723
5264903718
1240853769
8527496103
0367145928
8091475263
0349675812
8129560743
9206758143
7580396412
4593862701
0485193627
1205738649
9408715326
5736214089
5680974321
5378012496
8940627315
2061893754
1456389072
1432965807
4173825096
7546382019
4102739865
8451639702
9812074365
3769815204
4713089265
0731849652
3418675920
3087241596
0945736182
2798035164
5176490382
2137605948
3168524970
0429617853
6048195372
4879620351
7580416392
2106753948
6217048593
2164953078
5426081973
7025816439
9754321806
3165794082
3645981207
