7038954162
3182905764
4675913802
4830715296
0973861542
6571348290
5479028136
2985043761
6495873210
2354170896
7061942385
5027934816
1096847523
8415036927
7268354109
0182536974
9405231786
6803497512
6357498120
2817465390
4590826731
5746032819
9815406723
4108523976
0374912658
6428137059
4702893561
6357421908
9078261345
5496287130
9180546237
2697508431
3067519248
3267850149
8543716209
7859602413
3609827154
4795063182
0294387156
9480361527
7034628591
8029561734
0735491826
2537619840
7645201398
9106372548
7543806912
9061745238
2874593061
5184263970
6351720894
0698432571
3176852490
7145086239
4712059683
5014379862
3902416758
2896341057
6423780195
1902483657
4817563209
1374860925
9480372156
6315872094
9730581624
4386297015
8943270156
0215847639
5280639471
4095183627
7924853061
7831420596
5670238149
6123094587
9107465238
5206389417
4280716935
1745069832
6945381027
3572180649
6732198405
9418275630
6410985723
2709346158
6832415709
6859731402
8195034627
8735916402
5137604982
5418390726
5618407392
0681942375
3098716524
7852390614
3768249501
3917280645
0251964837
2947835106
3846019257
3907641852
