9053684172
6281790543
8715694023
6375421089
4512879630
2963017548
3891724650
9740526138
0495618273
2346157089
9124703658
5926148037
6807912543
7209863514
1807692543
4192375680
2396074815
5086197423
4317952608
8017649253
1290637584
2986314075
8947361052
0418273956
3428567910
2371560498
4827319560
3016487952
9013872456
9316547280
8907412365
6327541089
5183604279
8950316274
2354760819
5134607982
0972145386
6075398412
1203598746
8130495627
9608521734
4182603759
3482709651
5964817320
5240968731
1842309675
3598761402
7218930654
5981203467
3971264805
9108734265
9534671082
3952786041
3084197562
2943167058
7809643251
1694702583
8725691043
5489213076
2756810394
9701485236
3962045178
8293746105
1930645782
7093142568
7938052164
2941863507
5370164892
5742960831
5743019682
5401962783
0826731459
2537980641
0972863145
2934867051
2846071359
6517348092
8423617905
4210679835
1978230456
1293870465
5604371289
5612934087
0459213687
8104327695
1267438590
0152497368
9832710456
9187064532
0412895673
2563087914
0379486215
3796015248
7412068953
8453920176
3760481259
4873691025
0764125938
0764359128
4872563910
