6057231849
2496513807
3940581672
6802391745
9704563128
5069137482
1087396452
1693045278
7913840526
0825637491
0753916824
7142593860
1582073946
9256741083
6015479382
1603894257
4613980752
4136928057
1258496730
3952407168
3417902856
6025148973
7052341986
1342986750
0127693854
4521607398
7298543016
3728496015
2451703986
4792058631
6912345708
1874052369
3965081742
0159826743
1273058496
0583297164
4019687523
3207468519
2593740861
8137692045
7860942153
3260149758
0265741389
1479260538
1357680249
2986530471
7612085349
5694817320
8754021963
4130875692
8965742013
4237501689
6593048172
7295430861
0435619872
0985627134
8359426107
4197823605
9013586274
6021574938
3207681495
3054961782
9861405273
0541637892
9427581036
8062175349
3512079648
4763209851
7048136592
3908214756
9270356418
1704236589
1587943206
4208317956
4576289301
2781639405
0596437821
3846720591
5369420817
3726495801
7430689215
2814503679
9260713485
5392604718
9762430581
2403795681
0629835714
9386245071
1628934705
5706124389
6723058194
5903278641
6578190234
7406391582
6135078924
5136402978
1762489305
7503416892
2431957068
1360457289
