1963750284
2431679580
7193648025
1857329046
3821567904
7249681035
7309564821
5098471632
1427503689
1852379640
6349250781
4170258639
6374902815
5174932086
3851972046
7536184902
3648052917
3469752018
7816304295
2834957061
1586043792
8397054216
5691308274
7039145862
3608219574
7641392085
8205974361
2543679801
2130594678
8104697325
1583209647
5029731486
3150247896
7398625410
1706538249
6957301428
9153847206
5926403718
6827401935
1295678043
3871906254
5902317648
4587123069
7201859364
3167409582
7056381249
7342618950
2974653081
2608914357
5432867091
4982176305
5036741892
6452839107
7398215064
0125678349
3167248059
0495187623
2015789346
5879304621
0945837621
6137504829
8395670421
8450973216
9254187306
0468791235
8734096125
1298534076
5132897640
4591823760
7120349685
5612837904
9406123578
1704853692
8249037165
4875016239
0961324758
9835617042
0178693245
0376942518
5981674230
7459302168
1829430756
7986345102
9531602487
5340612897
4918270563
1467293508
6149735082
0643259817
2416379085
6975243810
5831497620
0294517836
1802634597
9352780416
4319857062
1827649035
0673482195
9654317820
8659347102
