0519482637
1374985260
2860374951
2076834951
9487365201
8193042765
2508649731
8479360125
3402897651
0175269834
7392610548
9307256841
1564982037
9450172386
6132748590
0561278349
8957034621
7129304568
2783549160
3829401675
1759304268
3614208597
8093217546
1205648973
8951623074
8532471906
8315240769
2603598714
8124795036
9627814530
2736180549
8650391274
7389061425
9186357024
7259304816
7015328964
9164350827
8037526194
4896703251
1692035748
4238951076
2895647031
5896740231
4183926057
0567849312
7948016235
3806125974
0948263517
0425176893
1708423659
2917506834
7348261590
5914802763
5346789120
2031874695
7842315069
5986237104
1092746538
2143057698
0435981276
4619837025
8514260739
8732405691
0569132847
0351496728
0674198325
3952617480
7318906254
5934678201
9758130642
6975048123
5607239148
8095173246
4806932175
6852041973
6472910583
9820314765
0932675841
1304268759
4276015983
6205987314
3409762158
9476132508
4381625907
4925631078
9207813564
0618247953
4503129678
1724583906
3597810642
3704961852
6308759421
1745208693
4731285906
2586409137
9650847132
0384571926
0916785342
2714859360
0793428516
