5429387016
2769041583
8295176340
8316749520
3718946250
9821405763
4973586012
3470582961
1684073259
9041365278
5097162834
8960472135
8340167952
2485701963
0697435128
5104789326
0268745139
9803627541
2938645701
9175423680
1574602938
8125746039
9618572043
6470598132
0953812647
8945073126
9180746325
2639804157
8427936105
7401639852
3421096785
8475139602
7190854623
6037184259
9015647382
1674259038
6428170395
7869140253
5349781620
1046539728
3971485620
3978605214
6705192384
3712056489
4701256983
7340285961
3675412908
2408637159
9823761504
7693541802
4825706193
5478913206
0972145638
1764980235
8056247193
5736048921
0726453819
0928743651
4719358026
9348051672
6104257893
0128769453
5062843179
1752469380
5983107426
1857920346
4168725930
5964023781
0592176483
6480371529
4370916258
7580694312
7039825461
9375842061
9721406358
9824316705
8657032194
0923867514
9574306218
4916275308
1258906734
6038514792
6190472385
8076943512
5469207138
2531968740
2549368170
7602581943
9043721865
1498673052
0459362178
3901427586
5610374928
7390462518
0987123654
4126897530
8567091243
4315679028
8374652019
1946752308
