2054718369
4152896073
4258037916
6298734150
3470986512
3174089526
1425860397
8270694153
8175409632
5279403861
5694107283
4978152630
9603845721
4528709613
8324601795
4190537862
3861047259
2683594107
8649135720
4806593172
0865179432
0194567238
0416325789
1284095367
5802736194
2930541876
5901627348
1724860539
3578690421
4926371508
4039258617
5986021743
1648509732
5674091832
1024938756
1928530467
2109437856
5639201874
1480369527
1543728609
0261384795
5476931820
9374208516
4570193268
3052186479
7049132658
8350972416
9643827510
0675238194
1547683209
1286953470
4961723508
3401895762
2865470193
9417632085
1783906425
6930574281
5487136209
9375102684
1487096253
7328190456
2936180754
9714630825
4065873921
8165493207
4078965132
1238605749
2834095176
8275146309
1527409638
3072569841
9752134608
9058346712
5164029873
8019546237
8612497503
8163074295
6893415072
2053146789
5602493871
3105946287
6305982714
4532678109
4095863172
9153082467
2598130467
0987516432
8125406397
5026817934
5047136928
8913645720
9105236847
0572981346
5021789643
9417628053
6573410982
0213487956
7365092481
6724913850
5870924136
