1972853604
8054671932
2430781695
5608791432
4058936217
1560734829
0381642957
1046273589
5720469318
6348921057
6978541320
6051389724
6804125379
5138726490
7268410359
5423891607
9260351478
9705416823
3916570248
8632794150
1856049273
2709536148
1937086542
7315260984
9356827140
0146397258
4916870532
0162358947
6312480579
5263970418
9568420713
1958734206
7214350968
2367908541
4690852713
4725610839
4372619580
7965230418
1376829450
7982536104
4197530862
1485209376
7306251849
3275198046
1309526874
6089724513
4087639125
8647523109
5837601924
5381209467
2675409831
6234908157
3108629547
1473802965
5043798162
5490617823
9083672145
4926158073
7301895264
5123096748
5207389461
2670149538
8429371650
6127984035
8310629457
7269043185
3584607192
6730241859
2160785934
4316298750
9645328107
6012483597
9845736012
2807165349
2435817609
7824065193
7285631490
2413896057
7036184925
7516894203
1604835972
2864735109
9584376210
0529641837
1068759324
1608795432
1647832905
6801359472
8167039542
9521380476
3497568201
4725389061
7568194032
6138597204
3045692817
1253604897
3906785241
0695432187
9105236847
3587049261
