3274160958
0639485217
0253614798
6931852047
7850496312
5793846021
0347261598
2759813640
3925461078
0845731269
1806453729
0349658172
6370451928
5412809637
0628749153
1782965304
4590831627
1254983760
7056482913
1265907483
4210735869
4683572109
9634102587
0673421958
7529081436
8962041537
1238694750
1325948076
8641730925
4872365190
4816905723
9351804672
7138920564
1483605279
4103759826
5612937480
2017453986
5961703248
3619024875
8576019243
0291486753
8074591632
6213574980
9415238706
8619243075
5136287049
9023176854
5712348096
0721894536
6453901278
0469782531
7230916548
3941560278
7394562081
3921485076
5720869413
9468527301
8490732561
6325489170
5201476839
8062914537
4108329567
5136082794
1604378295
5682174930
4265781309
4853627019
7590436182
1679052834
7358196042
9260453817
9013625487
9102576438
4085163297
8742360195
3217680495
0173285469
5814623097
8967421305
0892365147
3017682594
8694531720
9382476510
2160984735
2643891705
9526780431
2746390815
3129857046
5729316048
9024731658
9507642138
0635781429
4197802653
9614325078
6870941352
3948527061
5291064783
1082953764
8074693521
3197402658
