1894063725
8079563241
7031952846
3917524860
0689152734
1689243570
5916387024
8560913247
6953710824
4903172568
5892104376
1932584067
2403516798
5741963802
2876403159
5780132496
9238576410
8749603215
9857312046
9415260378
6498305721
8204361975
3792150468
5297138046
1063982475
8416703259
8457203691
2541986703
3504928716
0819436572
0824597316
5738124609
7392180564
5863497210
7319480652
2516904837
5710362948
3650482917
1846390572
7091863245
7419860235
8036457921
0349765281
7053849621
5819023764
0421693587
3947280516
2371684059
9015348267
8546219730
6054731928
0165423978
5086241397
3127569084
5964820731
0637812594
6917302548
1783265490
7152036849
1059274836
8570162943
0825614379
5048372619
4517038926
4173068529
7590324681
9136028574
5364897021
6735048921
3647925810
6027315849
6485901723
4760321859
0368142597
8502439671
1478506932
0297684315
5709236814
9451826730
7395216084
3860247195
9503417826
8295410367
1097354826
2538790641
4903578612
5976082341
4085691237
7086429531
8190736425
1873920564
6281734509
3450921687
5913867024
5032478619
4239156087
9534681207
2190576348
2417930568
6802439571
