9247035186
4371298650
0156948723
3425901876
8459026173
6513024897
1637529804
3215468970
7058213649
8761903452
8257069341
8532791460
3074156982
9102867354
5934810762
7615248039
0618945273
8461295703
8692415703
4936785210
1380942576
1978564230
5793082461
2950761483
3608519274
2701538964
5342690871
6907823514
4602573918
8910753624
0389725641
6534798210
8942673105
8419675320
2107543986
7019462853
5468937120
3185276904
2359178046
3049826751
6095871432
5180743926
4261780593
4913702865
6158472309
4583901627
4013768592
4721306598
0358421796
9540216783
6321940578
4860932517
3498725610
6124507398
5071683924
7305821496
2073916584
1543608297
9320486751
8764952301
0863725419
8601243579
5172840639
0713986542
0581723694
3814695027
0374598126
3280745916
3295017468
8491736520
4129685073
0513278496
8742031965
9871320654
7984236150
9045831762
7840593162
4053982716
8642917035
1926745083
8097435612
0265413978
3867194052
9504783612
7590314826
4971860532
3054967281
9871052634
7962308451
4751068392
1265790348
2630947158
3816507429
5463702891
6584127930
9205371486
8091376425
1370469285
7314569028
4510973862
