6049725813
7516089342
0614752893
1742935680
1086357294
2794158360
5029478361
1069235748
6810725493
9053487612
6215749038
8915720364
5724689031
5932468710
1570924368
0416897235
1609342587
3569721804
0968275134
9437612850
9013562748
2460718935
0618934725
2593461870
3851497026
8124506379
6173592084
8143659270
6754103829
8610542739
7903685241
8714609253
3067958412
7215349086
6548701392
9147623085
3648295071
2687390514
9436571820
2591807364
9402517836
9183265047
7923564081
5604382197
3570689412
3960712854
9467813025
0823967451
2743051689
3871560492
8543760219
4956218730
2194750638
5079148632
9751306482
9315687402
7902415386
1645709238
4890715362
8127490563
7381426950
4573129068
2370498165
6390824751
4783601529
6024395871
2403197856
8259047613
1092386457
6085294731
9341286075
6194027853
1864095237
1493587260
2413579680
3271045689
5973620418
9415672038
2980741653
4762918503
0971423685
7380215649
1490785362
2574390816
6854397102
8412970365
1075236498
3740982651
5067219843
0985362417
6318247905
5347268091
0328469751
8379450126
5243806917
3174680925
5413790862
1689304275
8716592430
5410736298
