9316542780
3829017456
4016978523
1380294657
3842691075
7524319608
6920857134
1203487596
6892417530
5079136482
1675023894
3925164078
9072518346
1980673524
8795216403
1864937502
7904128563
0192386457
5293176840
1859074632
2748510963
3812947506
9471526803
9421675308
6519047328
7256094183
0157923846
5274180396
5716429380
3205461978
1354278690
4102659738
7435196820
2374619508
1823469705
3712945608
2417036958
7098321456
8245901637
2954867310
1362548790
9752034816
2901573846
4825310976
4739218650
7682931045
0874156923
7038162945
9203158647
8260914753
7869341520
2374519086
5432908176
3076941825
1079238654
8295316704
7854361902
1825649730
4215067893
3816745920
9067312584
1063798524
6508479321
3895204716
3285016497
2038917564
3456827091
7310694258
0374812569
6875029134
6902851437
4109837265
9617384250
6758293410
4386520179
0128675349
7014895623
7985603142
9508742613
5760841329
4721089356
9183520674
5246970831
0169357824
9031786542
4285067391
5784261930
7958103462
5810467932
1827346095
5670439182
3795641802
4816905372
1726539408
9240318576
0369512487
8671523490
6379128540
6409821375
1537684209
