6894321570
9175206348
1907358642
6175893042
1780426953
8261574309
7041285693
0135748962
9324508176
0281974653
9847326051
2743095168
5863921074
9513624708
1872690534
9856047231
7528690134
8672049531
4362891075
0934521687
1576042839
3016987254
3278495016
1420789356
9587201364
6841752390
8061592374
6945237081
2360457891
1028394657
4351206987
4517089326
9427063518
2769418035
9261750483
4973012865
0629518473
2789361450
9027563481
0975861423
0531796482
6402958371
7406521983
8350276194
7158092463
0432857691
1687295403
6458297310
3465208917
4812396507
5389427061
3749601852
4716359802
2034917685
0829654173
4156729380
9270368541
2701845369
5043817962
5786103249
4019782536
2850137469
7304516892
3240516978
8920516473
4127380569
8632954701
6153987204
4918362705
9702518346
4317689250
3748592016
5276934801
8362410957
7120534698
2130874659
3276158940
1263098754
2135647809
7980352146
7596018432
2135486097
9342876501
9156273084
5876209341
8365902417
8062794513
6759128304
7158346902
3507926184
3481790625
1269805347
3672149850
6832941057
0493285671
4705893612
8267954013
6548031792
5943260871
9714308256
