8214369057
3960281574
1652034798
7163845209
3768421905
4172635098
8963104572
4027965813
0742591836
8297531604
5812049376
7641058329
4976052183
0943756812
8352916074
0497856312
2534091867
6931750842
0571428693
4236901875
0812946735
6215739408
6537941802
6952084137
8139627450
3972846501
6237019485
9425360817
9647520381
9147502836
1940862753
8153460972
5680721943
0159683472
7284061593
0531492768
7105264938
7612935804
3527906148
7608394521
8703492156
7381942056
2906385417
2860451379
1639547820
6075982431
9746823015
0827459136
6902415837
1945273068
8026314957
0148975263
7401926538
5089173246
5063129478
0352198764
1405237689
5168024379
4713862905
2418935760
8169723054
6471890253
5608971234
9501678234
5367402981
5021468937
5936204871
7542368109
9072543816
9415370862
8904653271
0327619584
9071582634
2130586497
6157490382
8549321706
1842306597
9085374126
0698275134
1493057862
9061843572
5967238104
5716480329
2847950163
7915240386
4193628570
9124768503
1453209786
7364520918
3067251849
6138027954
3457291608
7605283491
5463172809
1249805736
0861723495
6938740152
9074235816
5307214896
9687502143
