0189723645
1378064529
0638725149
0935724186
5341860297
2016394578
3526490178
7042389561
8603419527
3584621907
4186903275
8936214570
9678045132
5831964702
6274130589
9608432175
6291583470
9107834562
4852319760
6258709143
1652974803
0718356294
2517860943
8523967014
5031967824
8465920731
4729358016
5204679183
7269038145
0741569823
5974832601
3907256148
7832045916
9432508176
8196270354
6928417035
4527039186
2508416739
4695108723
5176294308
7301925864
1508962473
2108745369
9518763024
9128346570
0271469853
2703869145
3974150628
2071864593
2784653019
2184756309
8536079214
6940751382
8546132709
4215390678
0936178254
9356407128
7381264509
2597840613
0625394178
4573609128
6914075823
2513894706
1096732548
8719260354
4139765028
7283156940
8790354612
4361895702
3570824196
7105328694
2108693754
4651307298
1763529084
4782956013
4850126973
2941870653
9501634278
3624187059
2106945873
4978310265
1246975803
7082943516
9867230451
7945620138
3165402897
9826051374
8716453920
8302164759
3687109254
6120479853
0468359721
5378019642
6189425370
4589123067
5728904316
7146902538
9068142735
2746031985
0716425398
