8941032765
5791840623
8910345672
6724035891
8594260371
5647981023
0427893165
9138762504
1697285430
9540278631
1092743658
0846123957
0364198527
7632801945
9246018753
6914085273
8925374610
1624738059
6539780142
5934860721
8512946703
8206457913
1653804297
6852091734
1980624537
3752168049
5706132849
7561238940
0358164972
8917235046
1684230975
2504671938
3914860275
4825763190
5376102489
4826715039
9013265487
9387021564
7684321590
7295106384
2179364580
2491356708
8316542709
8637159042
4386715029
0392145867
3421876950
2017934658
3761592480
3016274598
6952180743
9613247085
8719534062
9584617203
5031682479
5984127036
1875260934
3716529480
8126759403
1265809743
6278519043
9154073286
4093821576
1734589206
9236148075
8946501327
5986214703
2430158976
5406127983
8136720459
4128056937
7038965142
0135728649
2936875140
4893521067
8396451207
8243016597
7830164952
3450679182
0291458376
3246571908
4285067193
8036457921
5187239640
0487916352
5723814069
3745218690
6704192358
8149632507
1342657089
8037214569
8013952674
9054782136
4703216895
2460385791
5694170823
3257980614
1047863295
6132974805
6184905732
