5387640912
8014259367
8756249013
9635102847
3245096187
5409286371
8045792316
4951083672
3516974082
4317968250
1649823705
6821930547
8745396120
6294015387
8642375109
0268715934
8369270145
1839574062
3561972084
8061937254
3185904672
9270513684
0891423576
8426139507
1508346297
9324071865
6832157490
1673290584
4872605139
8097621534
1935702486
3746051928
5194283067
6254173098
0582437196
5203719846
7925013864
5897631042
3715896420
3871045269
8359427061
9240537618
6791243058
5871294603
1503462897
1085297643
3870165924
7583602491
4021835769
1724350986
4508169732
7631852490
7041953628
3640857219
6129587340
0274693581
6785329014
8954026173
9534106872
4513702986
8902764513
9260745381
4367581920
7895364102
8540219637
7329816540
4802319675
0431925768
2809634751
2951860473
9831564072
6450287139
0281473965
7386509214
7592143860
4169258730
9261834075
7524698013
7152946380
1702986543
5602719843
3246081957
1423850967
4961073852
8397154260
8520973641
0341765982
8319267405
6473259081
4798150326
0263941578
2804935167
4168072395
6349105287
2196357048
8573940621
3875106294
1350296847
4023965871
1803572649
