4290536718
7629384510
3982706514
1205963847
5962830147
2786354019
7321956480
7830691425
9370816425
2908435671
5401673892
8156473902
2945017638
4106235789
1854762309
7805693142
7024689513
2857093164
5093186274
8350261974
8450391267
1032574896
3257184690
3425867109
8310652497
2089653714
1307268459
0451392876
1546703892
7094238561
9278513406
4820163795
3051498726
0249683715
4857319620
5270346981
8426570391
8391260457
1697408523
6742580931
4907356182
8039645217
8750624913
6413927058
7045629138
9524817063
4307269815
3605217849
6410295837
7356021894
1958240673
1089574326
9340827651
8472156390
1863029475
6128930547
4973281650
4609157382
1798350624
5389462710
9356407281
1625908734
7241085936
5206148793
0326789541
2840753619
4065237198
5140386972
7809645312
6312045987
6150842397
9465130728
0564198372
1594320768
6209547813
7523601948
2649803157
6517283094
8639421705
0362815749
3728650194
2178609453
4802715963
4012539876
9172846053
8934062571
2698534170
6327950481
4615890237
1093564827
0347285169
6290548713
5364091728
1623095847
1324789065
0416579238
4951268307
7064189253
6243957801
6938475120
