8502364179
0648751239
9652301478
4573812906
9174286035
3985461207
8935127064
0746981325
4560978231
4791836250
1845720396
0312695847
1738529640
8592730641
1035984627
3469721850
6538079142
6012485793
6158943027
6890174523
0264579183
1635084972
2684591370
5637104289
1389265740
0873421569
5169048723
4875326019
4695301827
5782309461
5807193624
8674529031
9475316802
8265103497
5712934086
6839472150
5614730928
6952071348
5671934820
2761408539
8932765401
4710583296
6085134729
4178329065
8120564379
1942375806
2743586901
9145627830
7031924586
1234850796
6539820471
2087543916
3964205718
2087345961
8143960275
7361592084
7540126389
1509827463
2067841359
0182694357
0129385764
6751089234
7934802615
0682937415
6937801542
7493158260
1620574983
0591728436
8910765423
3401782695
2317489560
3719082654
2739850461
9157084326
3158906247
1754806923
2047639518
4802793651
0732954618
2370845961
2348750961
3079568241
3621407598
1682974530
5274036918
4517862903
4287613950
5864017329
1782463509
8634715092
0139864527
4906785321
1043529867
6972810543
7590368412
4629801357
2341876095
4250687319
5086247139
3845701926
