6751982043
4125976803
3659840721
0615738924
4926378051
1290876345
3267810594
4758302196
6387095421
0586791432
4218390567
5410623879
4931756208
5492806137
1503267489
6840235971
9817064352
9274163850
0694321578
9805214367
4628735109
5308719642
2867194035
1657048392
1320798654
3714856092
2087561934
3017628954
6815740293
3947580216
6951034278
4126950378
9810645723
5206498173
9874023165
0864279315
9065712438
2954318067
3592170846
9584302761
9263081574
7583109642
4876935102
4120876953
1547093628
5906734281
8975302146
5179248306
4653920817
1790438562
9031827546
4061729835
8405736219
2035947861
3946502187
3657812490
9548210736
2431657908
0798315462
2186349075
6439801752
6504823197
5962031847
8425039671
6789023415
2543801796
9871234560
0539728641
7361984052
0571629348
9153026748
8120457693
4896731025
4839506217
9286501437
2850136749
4892615730
4276135890
6790821534
7420315698
8936402175
8751064932
2698145073
3149760285
0276895413
5092743186
6459028137
4905682137
9256031847
9547326018
7051326984
3061482795
4168950237
4562789031
4875960321
7918364205
8967015342
1095832467
4856917032
0142967538
