8512479630
1389467205
7042685931
9012463857
7384205916
6459780123
7326815049
2147635980
5846029317
3275961840
9782043165
6751409832
8136425907
8634219057
1894027365
3150294786
4867219530
6023948751
6217394508
3258710649
4198573062
4826037591
6871235904
4253196870
2814357096
3518746092
2798346015
1206475398
2817654039
3486027915
8062315479
4708362951
7805264139
1825093647
2815304769
9543068127
6548371920
9250178346
6109453728
2947310586
3415602879
9856320417
7528394016
3420851769
2178439605
5876214093
0834567219
7108329546
9204783615
8423965017
1423759860
2738649015
2146309875
5829764103
3762194580
8091246375
5264871093
4726530981
0685192374
0837961425
8032194657
2765081934
9218630745
3428109567
4263057189
6425397810
8572046193
9520478136
5071864239
5204681937
5431687029
0136485729
2967350148
2301694785
1584390672
3687501294
8456312079
7652084931
4307192586
6875023914
8415907623
9482630517
6571289304
7842910635
1906824753
4591308627
3597486021
0231847569
8912635407
7813264905
8952674103
8235190746
2195837406
0825749316
5143268907
9281476305
9508741326
1247038659
5789634120
5184396027
