6321589407
1480769253
5120637948
9684175023
0376542819
4126097853
6827504391
4068231795
7659813402
8954026317
1623078495
1726930485
5274830916
6804213597
7659438012
7304198265
1935728064
3921846750
5712046398
9530824761
3820194765
2056417938
7139685024
3456802791
3605742981
0318762945
9125387640
2516930874
0482193756
8416709325
0154987362
0526139784
5416309728
7310826549
9035821746
5796283104
9760314852
0824196537
1705643298
8135749026
1240536987
2968371504
1752389640
2347896510
2460589137
2085671493
7183504962
6708294531
0237941685
9058432716
4823069571
3059264871
7460183529
0495823617
9860723145
0241376589
9780641532
2935810746
7321594860
8465079132
7256149380
9835601247
8219470653
8659407213
7203164895
2546789130
4165029378
6879403215
0314285796
0635182794
4765201983
2150964873
6918703245
2873564109
9651870423
8690745132
5601924378
3598071246
8092357614
3094582167
7913246805
9713654280
8613940275
8201597436
3516789042
1275086934
0957423168
1068457392
4139085726
7513964028
4251769803
1278349560
0412589637
6413850972
4162038759
3758260194
4923507681
1835946270
4279365810
6209517384
