3692481057
9614307285
6835107294
5820149637
8761052934
2094315867
1259706438
0516743829
8506472913
8523761904
8423590716
4631952780
7431692058
0318675249
6972853041
0931568247
4523918607
6405938721
1867593240
8394071256
1398504726
9732605418
5892147063
8623791054
9672510834
3702415968
7315862904
3172506498
8342106957
8923645170
2437806951
8613702954
5019732684
4975201836
7052841936
8793405216
0189267534
8063519247
6750914823
2951086347
5789142603
1946328057
9416285307
5381620794
1308625947
1387649025
6247593810
1095832647
6728190435
2839451670
2387961054
5940286137
9548067312
4397186250
3479682501
6392741058
9601758342
9472650831
0731965482
5093286147
8012795364
2390541678
6307925184
8231509647
7538062914
9810376524
3562479018
4601872359
9021765834
7956423081
6408925137
7695128034
2390186457
2695084137
8051493726
7120346859
3985210467
4235178960
8627059143
6938457210
1728904635
9214350867
9180723645
2501647983
7294358601
4103762598
3104756298
1867043259
6173245089
2956173084
9024631587
3095462718
6752314809
9742813065
9365421078
4830725691
1730654928
7849302165
7605239184
1457982306
