4315260987
1829346507
8426179053
9153468207
3785426091
6257034918
3275416089
9027346158
1504329876
9678243501
2651347908
4375012986
9156487230
3407961258
7346982105
9351207846
5932614780
0745168392
3896502417
2478693051
0649318527
6549173820
1509368724
5708623491
7286105943
9125736048
2036145978
7965021384
9804573162
9714536820
8459327016
0197483265
3596204817
0972643158
0397841652
2174063859
8326179045
8371609452
1739680524
5791420683
9041875236
8407691523
8649257103
8960514273
2457981306
4780932651
2351794806
6492780351
5913720684
9023716845
2351869407
3269850174
5071324869
0297854613
3164872059
8945270361
4891250736
7451098326
9346518720
7248635109
0361458792
7093542816
7935214806
7428136095
0276951438
5710623894
6794510283
2513890746
5047316289
1638052794
2806134597
5427169830
8491032657
4136092857
9568327014
8046139275
3719485206
6358497102
1685043927
2619704385
5169473820
2985431706
7418305629
1097356284
6342918057
7581360294
3416502987
0639745218
8752130964
9235746081
5620793418
6425187309
3716802945
5138940627
3075826491
6475013298
1234560897
4901758362
7953284106
8065231749
