6342057891
0165437928
9507863214
8510479236
3597641082
4281657309
7241635890
6148302975
1537084629
2174653908
9456230817
2019568437
4620319875
7326014589
9541086372
5784913620
1086529437
7135682049
5762304819
1346205978
8562390174
9720634581
6251834709
4829031657
5802169473
3187056492
8705921643
6729840351
3610945782
4390165782
5863724019
3176045298
8905463721
8691427350
9418025637
1234896570
1403526789
0426957318
9057684132
7520486193
7830456291
7104562839
9047135682
4908572361
1740365289
5209671483
6981735042
4762095831
5082713649
9316240758
5728963041
0534928761
7062451893
2065793418
7918630254
9107453268
5207839164
5728136049
1723648095
0347126958
2354169780
8431527096
5879321046
2358741096
4908521763
0938542761
5894260371
0541968273
6130782954
5690271834
0683912475
8940126357
7198234605
7210396458
4870635192
3095428716
4950672138
8179024563
1742638095
8057691243
8907631524
3465928107
6019382574
0281796354
0768254391
8294651370
6721890435
9047658231
6207491583
4726580931
2379608145
7852013694
6143725089
2467938105
7520694813
2750639148
3481679520
9371465208
3214789560
5691478230
