8769340512
3147860925
5328019764
6258470139
2384697105
4067812593
9317208654
6537801492
1736582490
9046128735
8425371690
8469725031
7891563240
4863079512
1902483576
0437562819
3015794862
0635892471
5479610328
8079426315
1745096382
8163240759
3649280751
8294530761
3962058714
6048512397
7015962483
2495761083
0127685493
8796345021
0375891246
9357842610
2786403519
2895406137
6542839701
6427193058
3654178092
1940738652
8045639712
0985342167
8307245169
4397625801
9358612470
6238719540
1706843529
6957138420
8637490512
4958726130
6419023785
8914672035
0917362845
0521796483
9138625407
3120548976
7089152634
9306814572
1927435068
7603159248
6490571832
6081945372
2987106453
7905813264
1205734896
1387659042
7368021549
5287349160
4395671208
2041853976
0394516728
0975328146
0214397865
9013874625
4013769852
1967285403
6782053194
1094635872
1473698520
5193876420
8017629345
2810637459
0426571839
7425816309
4132075896
5028693471
6891735204
0169342587
1637095482
7128456039
2530186974
0317258946
9574186320
5972830641
7216459083
4273618059
7596140823
0149863527
4810973562
6342570891
4831279506
9720836145
