4651973082
2934758160
3148607952
7309462815
1052874369
9286573140
7218543609
6294350871
8954720136
6794205183
5190236784
6823147509
3194058762
6507498321
9154387602
6349210857
3049582716
0734921568
8097635142
6540381297
3421670985
4096321587
8935240176
7205891643
5840632917
2746381950
9728603154
6398751240
5962417308
6847931052
0871635492
8476102953
5709416832
4163589207
0957836214
0264981573
2843956017
9870263451
5370298416
1093684275
0621573984
3270185694
2587139046
9710682345
9460235781
5349826701
8673920514
6783490125
7543098126
1038496725
0317425896
2169540837
1286943570
0395648127
7092581643
1256073849
9140732685
3072895146
8257139604
5128673904
2354970681
3127685940
8145397026
1938402567
6091238754
8652479301
5691834702
6784209315
9615783024
3051468297
1908325476
8213597604
7043519862
9576083412
9437186520
2165038749
4597216083
3547091826
0846573192
4691783250
3652140789
4963857201
0235194876
7294501368
9158602347
9407536218
4725063981
3197542860
9241870653
2758946013
6205798341
1708359246
4317956208
6897542130
3476592810
5842376190
5694813027
3642871509
5304921768
4973208516
